300
320
360
380
400
380
360
380
360
380
410
380
350
330
540
510
540
510
480
510
540
510
540
560
530
500
470
610
590
610
590
570
600
620
600
570
550
570
510
540
570
610
580
610
580
540
520
490
520
490
550
520
480
450
480
460
520
550
520
550
530
560
580
550
510
540
510
570
600
630
550
650
590
550
580
620
660
640
670
630
710
680
710
750
730
700
730
750
710
670
650
690
710
670
750
730
790
820
790
830
770
730
690
650
710
680
640
560
530
560
530
620
650
680
720
680
640
690
650
680
640
600
640
600
540
620
590
510